70 1
434282655 
462232415 
357123048 
55180175 
117530376 
917022009 
189849532 
624551700 
499763056 
664918694 
612407894 
746665606 
992819564 
882667168 
294525196 
915974897 
890348944 
306091108 
453287919 
1009685352 
661288462 
306078997 
995261691 
769468917 
564733683 
110021724 
95009751 
227974295 
330098683 
801721929 
710675531 
813786209 
506741262 
817174591 
1001284928 
717728960 
1036606039 
18935554 
891260527 
486976726 
802229510 
919383024 
325409446 
364311816 
292469152 
83368785 
261553338 
1043649176 
720517890 
225979845 
548897035 
589302625 
371401970 
504401630 
45749678 
1018975177 
563347808 
22991561 
835349310 
435159223 
148498239 
1023773988 
1052645435 
93624245 
347104504 
974701298 
448301338 
975503162 
341268626 
103958956 
31 1 980938589
